73
172
24
575
17
24
24
47
252
49
26
27
17
30
135
24
49
22
26
17
72
46
23
145
610
23
47
396
35
27
93
46
17
27
21
67
26
87
22
21
142
29
17
32
20
24
88
56
20
105
49
532
43
22
17
20
24
21
235
167
20
20
21
25
21
53
27
40
22
47
193
21
20
113
50
20
27
20
97
49
44
25
17
29
22
50
277
17
350
43
26
24
51
44
22
87
43
23
25
71
58
17
20
43
25
653
45
21
39
23
21
29
27
34
74
20
27
87
21
106
48
66
31
27
49
20
390
33
52
23
45
129
548
25
20
70
21
455
54
31
22
22
20
43
53
32
22
21
199
27
67
17
20
44
151
30
17
56
40
49
17
17
20
26
35
21
23
92
44
83
69
535
30
231
32
20
17
23
22
28
17
22
49
25
24
17
21
17
90
24
20
31
20
25
153
22
20
70
30
24
83
43
24
66
20
26
49
17
68
27
43
20
28
20
110
39
17
47
22
17
17
504
24
21
25
92
50
20
27
26
390
45
31
24
17
26
17
20
218
628
191
17
17
40
20
21
27
20
22
68
193
20
17
73
94
196
20
68
54
103
23
585
22
27
134
30
21
20
49
41
21
46
26
25
67
31
145
46
22
47
68
98
123
26
64
28
20
24
17
71
126
34
21
17
70
48
88
60
29
172
265
403
20
20
20
20
17
30
34
30
62
24
31
21
151
43
21
46
21
32
29
20
27
31
22
22
